2
RU
10 39
  4.22943211e-01   1.14359136e+00   2.69293852e+00  -3.00083209e-01
   7.62777323e-01   2.09777413e+00   2.24452656e+00   4.45217372e-01
  -1.91396775e+00  -3.25814053e-01   1.23645694e+00   3.59165069e-01
  -7.88128928e-01  -4.46073352e-01   1.32698248e+00   8.37123168e-01
   1.61934379e-01   1.86473744e-01  -7.02497242e-01   4.47614747e-01
  -1.87238440e-01   9.51808559e-01   9.75732316e-01   1.66874567e-01
  -6.91996620e-02   7.01466074e-01   5.63182882e-01   1.65896250e-01
   2.09249036e-01   2.49291932e-01  -1.12255154e-02   5.03336780e-01
   7.37541739e-02   7.64197424e-02  -1.78330804e-01   5.62850038e-01
   9.13258290e-01   1.38585662e-01  -2.28707754e-01   1.75264047e-02
   6.27910283e-01   4.13588583e-01   1.13388710e-01  -9.11060460e-02
   2.11716524e-01   2.17252305e-01  -1.35158770e-01   1.48727779e-01
   8.68335103e-01   6.51353995e-01   2.67819561e-01   7.69588224e-01
  -1.22195601e-01  -3.98238000e-02   9.13673140e-01   1.03970978e+00
  -1.53416223e-01   1.04872057e-01   9.08716299e-01   1.46621330e-02
  -3.89744961e-01   2.85445461e-01  -5.40774602e-03   4.87531636e-01
   4.99513233e-01   1.61149444e+00  -1.49161072e-01   1.15335850e-01
   3.99022290e-01   6.41295338e-02   2.30764451e-01  -1.14012376e-01
  -3.10275364e-02   8.47536472e-01  -3.26023879e-01   5.63327083e-01
  -3.11661364e-01   1.00489849e-01   3.61088435e-01   3.97126388e-01
   4.40853613e-01   1.17304514e-01   4.07043574e-01   5.66938368e-01
  -5.65185102e-01   4.34343093e-01  -2.98324061e-01   8.56874548e-02
   3.19743935e-01  -3.89466283e-01   4.21512408e-02   1.64213263e-01
   3.95654480e-02   9.81154787e-02   1.25208546e-01   1.26909465e+00
  -9.68703250e-02   6.83592203e-02  -1.83178400e-01  -9.35027448e-02
  -1.55003484e-02  -5.99809534e-02  -4.79977108e-01  -5.37867655e-01
   5.87004568e-01  -6.15161133e-01   1.86419977e-01   4.09119450e-02
   1.33845076e-01   1.48585860e-01  -3.87565452e-02  -4.26002591e-03
  -1.77933628e-01  -1.24834605e-01  -5.96234995e-03  -2.18151745e-01
   6.31501774e-01   9.86368882e-02   3.07718737e-01  -8.53881191e-01
   4.18399679e-01   3.36966926e-01  -1.32955455e-01  -2.71946333e-01
  -6.66330146e-01   7.33914879e-01   4.91015775e-01   9.89680540e-02
   4.05769536e-02  -1.62327561e-01   1.93991491e-01   3.06936243e+00
  -2.97839914e+00   1.49417372e-03   3.26792869e-02  -3.05550769e+00
   2.90801770e-02   2.06251217e-01   3.91580790e+00   6.88809409e-01
   2.47502146e+00   4.42749601e-02   3.87610156e-01  -1.10037053e+00
  -1.86669968e+00   5.00011524e-01  -7.67480425e-01   1.22817631e-02
  -1.40150745e+00  -1.49849865e+00  -5.82142822e-01   2.01363181e+00
  -7.24579997e-01  -8.22138707e-01  -1.04922113e+00   4.63896669e-01
  -5.63230903e-01   8.65721060e-02  -7.11985273e-02  -6.80523643e-01
  -3.77063872e-01   9.65807057e-01  -5.71681877e-03   1.10358934e+00
   6.71393645e-01  -1.17844672e-02   1.20964019e+00  -8.27717028e-02
   5.27764529e-01   3.87442841e-01   7.78679243e-01   1.20069361e+00
  -4.53036036e-01   7.87757112e-02   5.72242743e-01   2.18350241e-01
   7.12456555e-01   5.75257234e-02   8.96167378e-01  -5.53458381e-01
   2.33112223e-01  -2.22243434e-01  -3.06725386e-01  -2.45016993e-01
  -7.23600394e-02   4.86973007e-02  -8.04052245e-02   6.88633378e-02
   1.10089526e+00   7.64944050e-01  -8.63981631e-01  -7.38104808e-01
  -1.15159876e+00  -1.25970472e-01   7.42208066e-01  -2.68693563e-02
   9.87503535e-02   6.99488169e-03   2.38629866e-01   1.04059268e+00
  -3.98700190e-01   6.56784491e-01  -7.49403299e-02   1.05525254e+00
   2.01009517e+00  -4.04736788e-01   9.71041856e-01   3.55368104e-02
   1.21565777e+00   2.40367190e-01   8.56110244e-01  -2.69370357e-01
   2.61808744e-01   8.83145355e-01   1.58467953e+00   9.60315314e-01
   2.76071226e-01  -5.33452319e-02   1.36238853e+00   2.01677552e+00
   1.98191268e-01  -3.40473581e-01   3.01500077e-01   1.51763818e-02
  -1.81910395e-01  -6.61080565e-01   4.61895730e-01   8.74495644e-02
   9.91768919e-02   3.08955898e-02   4.28981444e-01   5.02391854e-02
  -2.20571528e-01   1.16324341e-01   1.91186547e+00   7.43398104e-01
   1.14743820e+00   2.97382748e-02   4.73485165e-01  -8.79808333e-01
   5.80309329e-01   4.25242143e-01  -7.25222574e-01  -6.91437382e-01
  -1.82650760e-01   1.02446185e+00  -8.16762486e-01   6.43474804e-02
  -8.09312259e-01   1.35187060e-01   1.01426763e+00   3.19076293e-01
   8.90415976e-01  -3.78411794e-01  -2.73781190e-01  -4.07335176e-01
   9.87465402e-01  -9.55795826e-02   2.40966435e-01  -1.96263998e-01
   1.09354214e+00  -4.81195721e-01  -9.10170216e-01   3.06220487e+00
   2.05342824e+00   1.31718476e+00   9.97694793e-01  -1.69649660e-01
   3.52727234e+00   3.17066020e+00   1.35153282e+00  -4.39314048e-01
   3.56536817e-01   1.29618411e+00   1.30746148e+00   6.15497123e-01
   1.54659436e+00  -2.42257301e-02  -7.08340016e-01   9.83157546e-02
   3.30019038e-01   1.23360120e+00  -1.37163686e-01   5.41656423e-01
   9.16661165e-01   3.99143501e-01  -9.49483070e-02  -1.68366798e-02
   1.40080373e+00  -1.92613734e-01   1.49612830e-01   1.37023862e-01
   1.83258378e-01   1.10956088e+00   1.32014872e+00   1.73464899e-01
   4.21862327e-01  -4.53609418e-02   7.07364265e-01   1.14123389e+00
   4.56023992e-01  -1.64045290e-01   4.27369947e-01   5.90315838e-01
   6.88787902e-01   5.23262521e-01   2.07592261e-01   2.56555720e-02
   7.42757966e-01   2.95301371e-01   7.58193349e-02   1.13669383e-01
  -1.67875745e-01  -1.35462848e-01   3.04959882e-01   8.42911611e-01
   5.74619725e-01   4.81418276e-02  -2.73815704e-02   5.07542826e-02
  -7.77296404e-01  -1.58065006e-01  -4.71388244e-01  -7.58316447e-01
  -2.33863578e+00  -6.10192099e-01  -5.20786321e-01  -6.68152071e-02
  -2.99074806e-01   3.32458747e-01   7.18609899e-02   4.39029782e-02
  -5.85393443e-02  -8.72493205e-03  -1.33061504e+00   2.50416379e-01
  -5.35133641e-01   5.12110644e-02   2.54441873e-01  -6.68809091e-01
   4.53544376e-01   5.82810446e-01   4.01641831e-01   4.04839814e-01
  -1.01651223e+00  -6.50322356e-01  -5.49030757e-02  -5.53053370e-02
   8.42599225e-01   7.84239048e-01   1.81406763e-01   3.16313919e-01
   4.51782656e-01  -2.96472468e-01   1.38109362e-01   2.56592986e-01
   2.03566336e-01  -8.44438102e-03   1.80483899e-01   3.05421587e-02
   3.76508505e-01  -6.36929677e-02   6.18279097e-01   3.59113895e-01
   1.09236731e+00   3.85153467e-02   5.51423488e-01   6.71562133e-03
   2.78178380e-01  -5.38374711e-02   8.92517207e-02   4.90392948e-01
  -2.29274848e-01   2.02348563e-01  -9.23512980e-02  -2.69615163e-01
  -3.56022973e-01   1.47487405e-02   1.34989179e-01   2.55945250e-01
   6.78636637e-01   1.57662586e-01   2.68955713e-01   4.06367263e-01
   3.28965389e-01  -7.42747019e-03   2.68735330e-01  -2.30386788e-02
   1.44422368e-02   3.71534729e-01
10 10
 -2.93382644e-01  -1.51209623e+00  -5.09925679e-01  -7.86332512e-01
  -2.32309996e-01  -1.41836409e+00   9.68754751e-01  -2.58875873e-01
  -5.34779956e-01  -2.04405559e-01   3.22639791e-02   3.82237088e-01
  -1.82305635e+00  -5.29631255e-01   1.19141989e+00   1.41364766e+00
  -1.09997319e+00  -3.47945278e-02   4.59856936e-01  -3.79788266e-01
  -7.71755854e-01   4.12035550e-01   1.08970043e-01  -2.59633194e+00
  -3.02781223e+00  -5.43703740e-01  -1.29574721e+00  -6.92882469e-03
  -9.53763703e-01  -1.33614696e+00   3.61561095e-01  -2.38683761e+00
   4.14955537e-01  -3.51276744e-02   4.35593018e-01   3.16083267e-01
  -3.95595596e-01  -2.59406368e-01  -1.84986452e-02  -8.74615203e-02
   4.91356034e-02  -1.32076885e+00  -8.49852601e-01  -3.10891559e-01
  -5.23794501e-01  -9.00359079e-01  -7.88928516e-01  -2.52348571e-01
  -3.08440741e-01  -4.67441349e-01  -9.04312577e-01  -1.08916413e+00
  -6.02397884e-01   1.69628784e-01   1.55271079e+00   3.63869848e-01
   9.38310575e-01  -1.32933189e-01   1.47342194e+00  -5.55874184e-01
  -1.65086716e+00  -5.33778739e-01   5.13748613e-02   4.43032225e-01
   8.85188785e-01   9.56404625e-01  -3.26027535e-01  -1.29608441e-01
  -1.54738147e-01  -2.53816003e-01  -2.18455610e-01  -2.15437849e-02
   7.00776585e-02   5.50750590e-03   9.47451636e-02  -2.72068477e-02
  -3.01545647e-02  -6.28636245e-02   8.35812288e-04  -1.00247278e-01
  -1.23867519e-01  -1.85193144e-01  -3.02653074e-01  -1.40766769e-01
   4.46836484e-01  -1.55283453e+00  -6.31062025e-01  -3.04527133e-01
   2.26799163e-01  -4.24670915e-01  -1.18025782e+00  -3.21399842e-01
  -5.65933554e-01  -4.53443351e-01   9.02812141e-02  -1.16678379e+00
  -5.38951338e-01  -6.32254256e-02  -1.02448003e+00   2.85757679e-01
10
-2.41170879 -2.55372632 -0.35133671 -1.78451147 -1.28187219 -2.05914076
 -2.73316212 -0.43720343 -3.13940335 -1.66440288
D
30 10
  3.43260600e-02  -2.64451581e-01  -3.58887475e-01   1.77210475e-01
  -2.55698915e-01  -6.73705058e-01  -9.78665101e+00   1.45901465e-01
  -6.17661287e-02  -5.29235301e-02  -1.06793077e+01  -5.35013563e-02
  -3.18438087e-01  -1.15601921e-02  -7.69234613e-02  -4.09137127e-01
  -2.62255068e+00  -6.40356850e+00  -1.08114157e-02  -2.92655698e-01
   2.81871487e-01  -7.37206490e+00  -1.09488903e+01  -9.68938812e+00
  -1.11450902e-01  -2.33509097e-02  -3.06251764e-01  -1.41493230e-02
  -2.28735605e-01   1.54928623e-01   8.00749480e-01  -1.36177320e-02
  -2.69141442e-02  -7.67570990e+00  -2.36112867e-01  -2.38575229e-01
  -5.08205790e+00  -8.51670192e+00  -4.21782816e-03  -1.81338920e-02
  -8.18706475e+00  -7.39144126e+00  -3.64487091e-01  -1.13671128e-01
   1.26573500e-03  -1.78170861e-01  -4.37395684e+00  -7.05711544e+00
  -3.02456545e-01  -1.84926129e-01  -3.13440381e+00   7.70835322e-01
  -7.18465564e+00  -4.50869649e+00  -3.82554636e-01  -2.15641042e-01
  -7.74736992e-03  -4.56433065e+00  -1.77729470e-02   8.14677071e-01
   7.45101277e-01  -3.54790478e-01  -5.94818249e-02  -9.98803767e+00
  -5.71492518e-02  -7.32817470e-01  -8.46832433e+00   8.10980103e-01
  -7.38392927e-02  -2.47640927e-01   7.65795194e-01  -8.19316861e+00
  -2.49291929e-03  -2.80483653e-01  -4.13266559e-02  -1.24557384e-01
  -6.51003914e+00  -9.23256200e+00   1.07340950e-02   2.66949188e-04
  -5.62345096e+00   8.84088027e-01  -7.01830326e+00  -7.10821683e+00
  -3.14721866e-01  -1.16016834e-01  -2.38391085e-02  -7.63317659e+00
  -5.25892269e-02   8.12964235e-01   1.09838128e+00  -2.04732415e-01
  -3.90166985e-01   1.23761158e+00  -2.84806618e-04  -5.85321546e-01
  -3.51977367e+00   9.85720787e-01  -2.75876443e-01  -5.84425164e-01
   1.07264775e+00   1.05314179e+00  -1.71722480e-01  -2.39280211e-01
  -3.26309699e-01  -4.18575987e-01   1.07757896e+00  -9.00990389e+00
  -2.93173538e-01  -2.47015726e-02  -2.07020291e+00  -1.00555032e-01
  -3.16075335e-01  -7.94988044e+00  -3.19570480e-02  -1.69308297e-01
  -3.46147283e-01   1.03769690e+00  -4.47805782e-01   1.22188378e+00
   2.08188755e+00  -3.98731030e-01  -3.19832978e-01   2.36236475e+00
  -1.83083866e-02   1.14784501e-02  -8.80436439e+00  -8.84731364e-01
  -1.61922120e-01  -3.43491602e-01  -8.96842588e+00  -4.81208339e+00
  -3.08804847e-01  -4.13912721e-01  -9.16175949e-02  -7.88435343e-02
   2.32499176e+00   2.41010126e+00  -2.11979891e-01  -2.46785302e-02
   1.75754604e+00  -5.19075798e+00  -9.81866546e+00  -8.01570950e+00
  -2.66281741e-01  -2.28528598e-01  -8.66705423e-02  -8.96716399e+00
  -2.24102182e-01   2.41322324e+00   8.09837328e-02  -2.00949808e-01
  -3.33254436e-01   1.15947508e+00  -2.50265220e-01  -1.10920529e+00
  -6.79534984e+00  -6.24491220e+00  -1.16337794e-01  -2.76837951e-02
  -6.08035894e+00  -7.01640238e+00  -3.26446311e-01  -2.01827080e-01
  -2.46839337e-01  -8.26830874e-02  -3.34844875e+00  -1.67263974e+00
  -4.69334091e-01  -9.19942932e-03  -3.40912494e+00  -4.38168732e+00
  -8.08469703e+00  -5.45801550e+00  -4.91924833e-01  -3.41965288e-01
  -2.43049941e-01  -5.41763831e+00  -2.06698221e-01   1.13716575e+00
   1.64392327e+00  -2.32954597e-01  -2.41607963e-01  -6.61393000e+00
  -5.15858329e-03  -9.37028435e-01  -8.22084338e+00   1.74541420e+00
  -2.96162818e-01  -4.20058278e-01  -8.33315522e+00   1.67842813e+00
  -3.13974816e-01  -4.67020795e-01  -3.46152969e-01  -4.80269307e-01
  -5.88660667e+00  -1.11611955e+01  -5.51127793e-01  -9.38355992e-03
  -2.92191641e+00  -4.08825067e+00  -8.71893789e+00  -7.85965517e+00
  -5.95378034e-02  -3.70153082e-01  -6.40045350e-02   1.78358468e+00
  -2.65327534e-01   1.75836298e+00   7.40517958e-02  -2.60934773e-01
  -2.89435133e-01  -2.23960169e-01   2.81764897e-03  -5.31222766e-01
   2.97895720e-02  -3.56313350e-01   3.46974141e-02  -4.14263548e-01
  -6.07498294e-01  -1.65460554e-01  -2.56758890e-01  -2.10488634e-01
   7.14933877e-03   1.90183443e-01   2.03193152e-02   1.97354298e-01
  -1.75002056e-01  -2.41870909e-01   8.42751794e-03  -8.53568040e-02
  -4.19977163e-01  -1.30347658e-01   2.50996678e-02  -2.89636473e-01
  -2.23346994e-01  -5.30390691e-01  -1.36245580e-01   6.09764574e-02
   2.87378146e-01  -1.58531343e-01  -1.05353992e-01  -1.03210419e+01
  -3.99443195e-02  -1.07397533e+00  -8.70573168e+00  -9.30709940e-01
  -1.72914746e-01  -4.50497180e-01   9.50333728e-01  -1.06137718e+01
  -4.25852618e-01  -1.54393087e-01  -1.13522341e-01  -2.75776436e-01
  -5.15099686e+00  -7.73308536e+00  -4.79621092e-01  -3.44951363e-01
  -3.26362109e+00   9.26163469e-01   9.63580125e-01  -7.99540257e+00
  -4.65225115e-02  -1.96815304e-01  -3.62206777e-01  -8.49421994e+00
  -4.07371414e-02   1.03689423e+00   1.22903435e+00  -3.11532552e-01
  -2.81859646e-02  -5.15695144e+00  -3.97605042e-01  -5.06501466e-01
   1.16913925e+00   1.11076938e+00  -2.62137706e-02  -1.15650983e-02
  -8.68993553e+00   6.21077162e-01  -2.35814519e-01  -1.32336557e-01
  -3.77723224e-01  -3.18085559e-01   1.37813463e+00  -2.80782711e+00
  -1.33372637e-01  -1.36314719e-01  -4.58968130e+00  -6.82031269e+00
  -9.53696166e+00  -7.98383561e+00  -2.05586270e-01  -2.57486575e-02
  -3.35109111e-01  -3.04079418e+00  -2.68952602e-01   1.28991872e+00
30
  2.12468559e+00  -3.96779775e-01  -3.55699875e-01   1.25269645e+00
  -1.01640695e-01  -4.72499551e-01   9.69964501e-01   1.52118418e+00
  -6.63105929e-01  -4.70505560e-01   9.49109629e-01   1.34704571e+00
  -2.38362167e-01  -3.05064845e-01  -2.67148411e-01  -4.24043194e-01
   3.98547767e-01   1.41113912e+00  -5.37330061e-01  -2.92750578e-01
   5.64588255e-01  -2.50176070e-03   1.70929084e+00   9.29184277e-01
  -3.32275549e-01  -1.19886118e-01  -1.80400257e-01   1.06101010e-01
  -4.63060262e-01   4.07718450e+00
